4 -0.45004327757650037 -0.006090196557046663
8 -0.16027955439439454 -0.002030107811494378
16 -0.07019957707423861 -0.0008700513837355336
32 -0.03306034987830506 -0.0004060249457532211
64 -0.01606451764631884 -0.0001964638947028388
128 -0.007920809638776252 -0.00009667275958970361
256 -0.003933131978660833 -0.00004795579038656771
512 -0.001959819617793758 -0.000023883867183835823
1024 -0.0009782320837086794 -0.000011918564554857234
2048 -0.0004886977121767225 -5.953457176050515e-6
4096 -0.00024424441091209397 -2.9752744500485905e-6
8192 -0.0001220961112448301 -1.4872739032417985e-6
16384 -0.00006104153421130882 -7.435461775566811e-7
32768 -0.00003051913705841527 -3.7175041320182444e-7
65536 -0.00001525916104973643 -1.8586952745561837e-7
131072 -7.62947863473235e-6 -9.293332856473856e-8
262144 -3.814713908328353e-6 -4.646633624509599e-8
524288 -1.9073505997331915e-6 -2.323307586206488e-8
1048576 -9.536737057371211e-7 -1.1616517428702864e-8
2097152 -4.768364950874428e-7 -5.808289467845801e-9
4194304 -2.3841811480410905e-7 -2.904093478098949e-9
8388608 -1.1920904914414705e-7 -1.4520774925438455e-9
16777216 -5.9604546890502034e-8 -7.26048997436713e-10
33554432 -2.9802266101024064e-8 -3.6301424755356627e-10
67108864 -1.4901065838406926e-8 -1.81466119117622e-10
134217728 -7.450523000880054e-9 -9.07228083940207e-11
268435456 -3.725316286129957e-9 -4.541266002096177e-11
536870912 -1.8626294530936107e-9 -2.2675576516110036e-11
1073741824 -9.313154642954825e-10 -1.1337788258055018e-11