-2 -0.02352989125574258 0.005375613447386822
-4 -0.1424073839896789 -0.0014593795284388899
-8 -0.130841069685235 -0.0018304254789720314
-16 -0.09330034019684141 -0.0012671479779347876
-32 -0.06105845081857707 -0.0007938628793031564
-64 -0.03874840100474038 -0.000489392436470145
-128 -0.02434742272815526 -0.00030245944959124286
-256 -0.015264203129976034 -0.00018792251240024217
-512 -0.009572590971761899 -0.00011728268394016671
-1024 -0.006009042472945949 -0.0000734307656450205
-2048 -0.0037757407394359826 -0.00004607481219623728
-4096 -0.0023743191041585322 -0.000028950825832915157
-8192 -0.0014939151525835328 -0.000018204646010940092
-16384 -0.0009403581614011139 -0.000011460733614192008
-32768 -0.0005920725288193862 -7.212002128896682e-6
-65536 -0.00037285588278321486 -4.5431362656228465e-6
-131072 -0.0002348177825523652 -2.8461460013184404e-6
-262144 -0.00014789177680907067 -1.7788050975271895e-6
-524288 -0.00009310628663916686 -1.069963213249344e-6
-1048576 -0.00005892554848348504 -9.495163939547491e-7
-2097152 -0.00003671324316939038 -1.9196528008618242e-7
-4194304 -0.000023791525984349574 -7.857433342167757e-7
-8388608 -0.000016405390568026467 -1.911702838052297e-6
-16777216 -7.53643407122818e-6 1.594701292199284e-6
-33554432 -4.087582950395488e-6 1.6628698568637702e-6
-67108864 -3.743437132725562e-7 3.240812749902327e-6
-134217728 -0.000014670532011260273 -0.000012407589236446548
-268435456 0.000028038390344327023 0.000029510556425906605
-536870912 -0.00015158366027839484 -0.00015066551069623123
-1073741824 0.0001208111528114855 0.00012127106679260515