4 -0.8882018691515953 -0.004872804788211677
8 -0.16635859923504048 -0.001881961489578191
16 -0.0704321431325487 -0.0013954046851358084
32 -0.03307167359307392 -0.0010146681724104818
64 -0.016064436241224486 -0.0007062279112221117
128 -0.007919908171350262 -0.0004723328656957055
256 -0.003932092364699943 -0.00030538553738191336
512 -0.001958768009231848 -0.00019190180921219383
1024 -0.0009772477202073088 -0.00011772026129296093
2048 -0.0004878300098338647 -0.00007074096057507627
4096 -0.0002435166512085364 -0.0000417549231252621
8192 -0.00012150266298225762 -0.000024248731342215685
16384 -0.000060545870976934554 -0.000013849976764710046
32768 -0.000030194621636999684 -7.86800598022835e-6
65536 -0.000014926236123622896 -4.298181817682353e-6
131072 -6.936119345192147e-6 -1.9032521507988263e-6
262144 -1.8484522150902272e-6 5.213649707272766e-7
524288 -7.561475006555262e-6 -6.3981420385917635e-6
1048576 -4.723742367942408e-6 -2.8967971310658185e-6