-2 -0.028905504703357256 0.005375613447386821
-4 -0.14094800446170305 -0.0014593795284388899
-8 -0.12901064420670805 -0.0018304254789720316
-16 -0.09203319221876445 -0.0012671479779347873
-32 -0.0602645879400632 -0.0007938628793031564
-64 -0.038259008560499026 -0.0004893924364701449
-128 -0.024044963315632308 -0.00030245944959124286
-256 -0.015076280654717087 -0.00018792251240024217
-512 -0.009455308284499324 -0.00011728268394016671
-1024 -0.005935611721045537 -0.00007343076564502048
-2048 -0.003729665552609961 -0.00004607481219623728
-4096 -0.0023453685727347446 -0.000028950825832915157
-8192 -0.0014757124468387792 -0.00001820464601094009
-16384 -0.0009288960322656784 -0.000011460733614192008
-32768 -0.0005848551034761809 -7.2120021288966825e-6
-65536 -0.00036831198708588825 -4.5431362656228465e-6
-131072 -0.00023197166277549205 -2.8461460013184404e-6
-262144 -0.00014611252309648697 -1.7788050975271895e-6
-524288 -0.00009203684511180845 -1.069963213249344e-6
-1048576 -0.00005797587882735783 -9.49516393954749e-7
-2097152 -0.00003652113259211469 -1.9196528008618245e-7
-4194304 -0.00002300538381090499 -7.857433342167755e-7
-8388608 -0.000014493505875013349 -1.9117028380522964e-6
-16777216 -9.12980012154756e-6 1.594701292199284e-6
-33554432 -5.749368509321221e-6 1.6628698568637702e-6
-67108864 -3.621048978911524e-6 3.240812749902327e-6
-134217728 -2.3024424742879326e-6 -0.000012407589236446546
-268435456 -1.474291324057109e-6 0.000029510556425906605
-536870912 -1.091439008091585e-6 -0.00015066551069623123
-1073741824 -4.5260083543665986e-7 0.00012127106679260512