-2 -0.023529891255970433 0.005375613447386822
-4 -0.14240738399014194 -0.0014593795284388899
-8 -0.13084106968568007 -0.0018304254789720314
-16 -0.09330034019669924 -0.0012671479779347876
-32 -0.06105845081936636 -0.0007938628793031564
-64 -0.03874840099696917 -0.000489392436470145
-128 -0.024347422765223548 -0.00030245944959124286
-256 -0.015264203167117331 -0.00018792251240024217
-512 -0.00957259096843949 -0.00011728268394016671
-1024 -0.006009042486690557 -0.0000734307656450205
-2048 -0.0037757403648061975 -0.00004607481219623728
-4096 -0.0023743193985676604 -0.000028950825832915157
-8192 -0.0014939170928497192 -0.000018204646010940092
-16384 -0.0009403567658798704 -0.000011460733614192008
-32768 -0.0005920671056050776 -7.212002128896682e-6
-65536 -0.0003728551233515111 -4.5431362656228465e-6
-131072 -0.00023481780877681046 -2.8461460013184404e-6
-262144 -0.00014789132819401416 -1.7788050975271895e-6
-524288 -0.00009310680832505781 -1.069963213249344e-6
-1048576 -0.00005892539522131258 -9.495163939547491e-7
-2097152 -0.00003671309787220087 -1.9196528008618242e-7
-4194304 -0.00002379112714512177 -7.857433342167757e-7
-8388608 -0.000016405208713065646 -1.911702838052297e-6
-16777216 -7.535098829348277e-6 1.594701292199284e-6
-33554432 -4.08649865245745e-6 1.6628698568637702e-6
-67108864 -3.8023622900919714e-7 3.240812749902327e-6
-134217728 -0.000014710031710734478 -0.000012407589236446548
-268435456 0.000028036265101849497 0.000029510556425906605
-536870912 -0.00015175694970432282 -0.00015066551069623123
-1073741824 0.00012081846595716847 0.00012127106679260515